404.25
142.07
408.7
140.99
410.88
132.64
410.76
195.7
185.84
260.4
158.92
125.11
221.32
381.16
227.4
403.28
387.84
319.74
391.97
375.81
301.46
121.42
183.96
217.53
389.93
192.5
197.58
235.99
173.12
384.33
274.16
286.35
283.07
176.68
228.02
233.56
297.2
127.32
372.46
291.13
124.87
188.38
234.92
325.7
116.88
124.5
399.87
170.76
325.49
257.13
379.76
346.33
154.74
385.43
344.06
307.16
395.22
276.65
118.88
387.86
120.66
236.0
248.83
166.74
389.95
334.95
265.97
381.31
400.83
399.39
256.72
313.82
125.54
407.75
232.67
362.77
138.29
299.96
290.77
215.78
236.46
231.32
231.67
141.9
317.44
393.42
174.86
248.0
166.4
256.62
184.57
262.22
359.98
164.46
280.76
322.94
309.95
202.06
333.15
285.78
863.86
1260.36
885.81
1431.16
1151.46
739.44
1125.65
1256.57
855.85
1118.93
804.21
1249.66
1244.16
1277.18
1293.97
1190.4
898.03
798.73
1065.65
816.22
1392.16
1318.78
901.95
1164.74
823.15
1340.72
827.27
849.8
723.32
879.46
1191.94
979.09
1064.12
933.7
1128.11
801.76
963.19
1199.74
1190.32
958.82
828.52
973.52
1083.61
863.69
1077.59
1187.9
1376.07
1297.55
955.22
1179.42
946.05
1275.76
1021.73
1218.2
1061.42
918.54
1181.11
1030.22
829.58
794.84
1119.19
684.66
1098.49
915.58
1202.55
1205.38
798.48
810.6
1393.8
559.27
766.2
993.39
892.86
986.38
1050.95
1216.3
1288.25
839.28
748.79
812.56
1252.56
1057.54
941.5
1410.25
1103.76
901.93
846.51
959.53
881.79
1218.1
1286.26
1121.7
1007.87
712.0
650.91
1098.19
1064.27
710.59
728.42
937.55
2116.88
1747.08
1970.04
1365.6
1529.09
2192.46
1584.34
1294.34
1481.12
1931.34
1610.63
1578.05
1658.52
1495.25
2070.38
1911.96
1796.3
1503.02
1660.67
1702.25
1425.92
1792.69
2339.83
2137.32
1939.95
1317.3
1532.47
1900.91
1454.1
2130.76
964.98
1614.2
1603.36
1945.7
1284.71
2105.56
1548.58
1642.58
1811.25
1613.51
1517.31
1509.84
1206.31
1586.3
1965.06
1915.18
1809.54
2372.98
1764.34
2001.46
1676.51
1645.4
1859.24
1767.0
2175.44
1406.04
1478.24
1182.65
1768.0
1562.63
1703.98
2020.0
2058.05
1706.47
1849.78
2104.61
1948.58
1504.97
1822.78
2038.88
1748.94
1950.32
1517.66
1379.51
1187.23
1356.65
2080.8
1482.13
1563.6
1410.03
1963.52
1407.4
1730.34
2133.54
1631.44
1864.56
2157.56
1342.5
2134.38
1470.5
1905.82
1783.01
1951.62
2207.3
1510.84
1518.38
1422.93
2465.7
1784.09
2041.4
1392.48
1111.24
1042.86
969.46
1007.16
887.39
761.77
1144.79
1104.14
1418.12
917.32
1002.29
1023.41
932.36
924.42
1041.7
1107.83
644.81
906.42
806.76
1334.59
915.74
839.18
1153.08
1217.68
904.08
1240.97
1371.84
815.52
1002.36
584.61
711.06
756.27
1591.83
1096.47
886.95
788.9
672.1
1072.72
1148.37
707.31
922.21
1088.0
1364.6
1085.8
958.91
1170.09
665.49
819.16
1164.16
1507.44
1083.78
754.38
1160.9
686.79
768.09
1069.28
1181.75
654.84
726.85
781.07
890.8
1539.03
1132.51
624.69
1359.98
1306.6
830.1
760.44
917.84
1188.59
865.72
1192.28
1054.63
1151.16
1155.74
1076.24
676.77
827.52
1294.43
842.52
1107.48
1026.39
599.58
1183.29
863.62
1587.22
538.82
862.92
1179.22
749.39
1082.71
769.29
1023.2
1537.07
1202.21
1160.18
948.11
1224.56
1406.48
1432.3
655.1
1276.4
1352.5
834.9
622.2
1310.1
1048.9
756.4
1437.0
756.8
978.2
1201.5
1118.6
1085.0
780.9
1620.0
568.9
1484.9
517.9
1099.4
618.7
917.1
1109.6
909.1
951.7
1399.3
837.4
539.2
1558.2
567.3
836.9
1222.2
1043.8
730.8
1703.7
949.8
926.2
1126.8
921.3
1186.5
1333.6
645.7
592.7
746.5
1437.0
579.3
925.7
1526.1
714.6
396.8
398.03
461.53
609.01
949.29
684.66
915.6
953.53
493.27
579.62
981.51
970.0
791.45
745.46
1181.92
541.5
1015.53
939.97
985.44
398.25
839.22
799.65
1005.89
841.33
803.06
1086.92
923.5
1149.33
1080.53
480.94
665.66
752.85
396.2
432.52
1003.89
775.39
1188.66
887.44
796.73
1219.81
495.91
573.37
523.37
928.7
506.86
407.92
908.81
767.42
1033.5
990.68
881.32
866.02
700.88
353.91
887.53
349.21
1091.21
649.64
859.6
621.73
797.33
770.34
674.84
471.6
379.69
833.36
877.97
1115.36
820.51
507.74
1066.07
1023.33
1076.35
474.34
554.87
467.31
662.04
621.11
1089.16
444.73
682.17
926.91
649.03
743.88
420.8
623.56
1231.81
431.07
1018.56
649.12
661.66
852.01
737.23
317.79
499.22
463.15
1023.44
1076.88
482.72
1068.09
1191.73
1007.92
1103.11
1427.99
978.71
645.52
1014.2
964.73
1188.15
1119.45
1099.51
1102.44
1251.51
923.92
1151.11
1081.86
783.54
720.13
1220.35
1394.26
755.81
777.85
948.34
1504.98
1130.81
1087.45
1351.69
1011.69
1289.13
793.77
965.66
1016.93
736.23
777.66
1155.74
1213.13
1396.49
1202.48
916.81
1371.25
1409.73
1274.12
1246.62
1446.2
1123.01
1160.04
1113.41
1349.29
837.98
1006.67
1347.47
890.64
1527.33
1076.5
705.04
1135.86
936.04
759.22
813.74
1224.51
1054.94
1236.43
932.47
1466.22
1138.56
1022.04
905.44
1046.12
1249.43
846.8
1498.45
614.69
1062.67
653.6
1222.06
1046.25
1425.87
866.02
1497.2
865.55
855.11
882.8
1048.65
1192.51
1219.78
909.76
1315.71
1089.2
1034.12
1347.92
653.27
1110.35
889.99
1254.98
1303.84
932.5
828.94
1331.05
1143.88
875.94
1652.62
1675.33
1931.57
1757.54
1782.5
2059.28
1845.99
1931.08
1689.08
1900.56
1927.17
1846.31
1817.12
1967.62
2047.06
1961.49
1929.46
1850.11
1828.22
1976.17
1900.32
1788.73
1630.12
1885.68
1834.38
1825.11
1657.51
1822.91
1638.52
1778.44
1999.12
1809.05
1852.43
1918.44
1721.28
2035.71
1633.86
1992.89
2191.78
1631.02
1737.19
1983.68
1878.88
1711.97
1766.75
2083.72
1817.71
2036.25
2017.77
1879.7
1669.29
1921.05
1633.04
1779.1
2026.78
2001.5
1837.36
1739.21
1698.62
1621.89
1826.05
1850.23
1844.91
1885.19
1893.58
2034.14
1885.03
1730.22
2099.38
1641.41
1974.04
1671.52
1801.07
1957.48
2078.4
1848.32
1696.02
1734.92
1984.51
1684.33
1993.14
1562.39
1838.58
2165.91
1665.1
1660.18
1988.28
1583.54
1666.08
1736.55
1665.0
1780.24
1986.46
1809.66
1898.4
1874.23
2013.62
1672.45
1600.9
1913.48
1337.26
1059.62
1288.17
2555.93
1164.68
885.28
1452.32
1535.2
703.57
1762.51
2258.22
1486.62
2160.06
2105.39
1379.39
2351.38
1889.91
1953.99
2452.73
2044.09
1356.6
2306.71
1927.84
2135.67
1758.89
1457.48
1466.37
1110.23
2305.11
1616.99
2444.79
1595.2
2045.91
678.93
1356.63
2262.2
1007.08
2229.46
1747.93
495.04
2075.1
1839.16
1589.02
736.64
1061.7
1952.94
2653.36
865.19
2207.28
1503.12
1855.4
1189.41
1761.26
2202.1
1889.56
1493.07
1513.07
1928.81
1168.39
2786.13
1597.5
1524.53
461.5
183.39
1306.56
958.56
1460.1
2435.12
1355.71
1182.9
1898.5
1235.91
1114.39
554.73
1458.68
1408.25
1605.43
1651.36
635.95
1655.04
1697.3
1391.69
1501.22
1600.84
468.71
1967.74
1260.11
1931.28
1079.05
2433.33
2075.26
932.77
1739.36
1125.06
1250.76
1775.81
2317.48
962.83
692.33
1021.56
1852.34
1934.73
1996.92
2457.86
2190.09
2035.9
2080.71
1745.94
1174.05
2062.17
1879.25
921.16
1563.66
1135.07
1280.17
1598.62
1886.24
1183.25
1585.47
1592.18
1084.66
1791.74
1557.06
1280.27
881.12
2086.54
1612.81
1453.96
1347.2
2155.92
578.62
1226.73
1185.56
681.83
602.17
1486.69
1034.72
819.96
2180.47
869.12
699.79
1081.81
908.54
2152.57
1225.08
2311.27
2185.46
1135.87
830.25
1914.2
1579.22
1717.2
2139.83
2095.45
1414.73
745.79
1408.72
645.18
1389.56
1903.07
2493.05
1235.96
500.85
1301.68
1899.77
1606.85
1217.34
1434.29
1522.44
2138.57
2094.74
2785.31
1066.95
2230.74
1122.34
1302.11
1870.07
2819.91
1909.11
2053.42
1370.9
2495.43
2040.99
1945.16
2086.1
1373.37
609.02
723.34
877.83
1834.06
2418.32
2062.88
1232.18
1183.53
1230.38
1375.45
1847.03
1944.84
989.45
1850.0
1297.05
1219.13
2555.63
1390.69
1067.5
2021.64
1371.36
1740.29
1573.58
2418.71
1284.91
1901.82
2039.02
1332.2
2265.67
2327.33
2392.92
2340.65
1567.76
1435.08
924.22
2492.76
1899.02
2062.54
1062.52
1844.26
1026.76
591.65
1159.04
2036.89
1113.95
1545.48
1695.3
1868.74
2441.49
1338.62
2052.34
2355.1
2480.46
2092.27
1452.23
1536.8
2054.87
1237.94
2382.97
1920.06
949.28
1720.31
2271.33
2149.59
713.92
790.3
2329.66
1991.43
1909.47
2749.53
1416.24
2653.88
1640.42
2470.43
1750.27
2243.04
989.9
1632.25
1788.14
1699.4
1036.12
1466.05
1584.35
2075.65
1601.36
1393.28
1496.68
2278.37
1126.32
1728.52
2164.97
2317.58
2174.52
1136.41
796.88
1202.08
687.96
1157.3
1416.17
1029.56
1681.4
1204.1
1456.34
1585.94
1620.17
872.05
2507.7
1588.8
1082.06
1550.18
832.59
1860.12
1133.97
1704.54
1169.51
1929.13
836.57
2839.97
1267.22
1760.01
2033.28
1888.92
1357.7
2426.31
2335.44
1523.24
1590.14
1630.06
1893.5
943.12
1920.35
1966.65
2297.56
1392.66
1486.9
1966.75
817.8
1516.66
1288.47
1452.6
1435.87
1608.24
2033.94
1139.26
1823.89
1820.47
1632.19
1770.61
1347.09
505.52
1310.64
2274.21
2235.32
920.9
2320.36
1114.75
1465.91
1625.54
1588.07
1467.32
506.4
1451.4
2350.57
2049.97
1269.16
1153.8
2195.44
1261.46
2123.28
2370.9
1700.3
1363.85
1238.87
2368.31
2023.42
1996.7
1978.05
2016.38
1517.78
1486.76
1953.2
993.75
2339.65
1671.22
1238.58
1552.68
2620.65
774.02
1759.51
1196.94
2207.81
1841.61
1447.06
1482.35
1183.06
2304.27
1828.71
1341.69
780.08
1229.58
1173.46
1221.53
1981.7
2062.78
1261.54
1362.82
1716.55
1004.7
1556.29
1227.7
1680.68
2320.72
2205.48
931.53
1547.85
1578.4
303.94
2605.27
1233.38
1525.47
1905.1
1666.33
2197.31
1007.65
803.96
1632.24
891.78
2298.39
1771.0
2022.63
582.39
1234.59
1483.14
1581.11
1902.0
1465.88
1670.12
2088.32
1516.4
1701.62
1850.84
1309.13
2494.41
2287.01
983.62
2034.98
750.14
1724.5
2129.9
2012.65
882.7
1210.14
1651.79
1503.99
2295.56
1428.36
1738.24
1873.22
2260.9
2473.39
2329.6
1740.08
1718.06
1499.38
1528.65
1517.21
1466.5
1384.47
693.37
802.44
1828.83
1180.89
2340.98
1264.02
2034.81
512.62
2060.95
1760.46
2109.23
2306.79
474.92
1407.45
2074.25
642.91
1524.48
1488.26
1201.5
2132.06
1143.35
2380.11
1091.36
1520.96
1055.03
1414.45
1271.98
1586.25
1302.11
1744.19
1835.19
571.06
1570.64
854.52
1421.28
1598.76
627.69
1735.89
697.42
1066.83
1412.06
1981.14
1966.86
2424.1
1954.99
1171.9
2172.3
2042.72
1266.83
1263.43
802.38
1352.72
1690.24
1382.89
1959.52
2136.43
1677.45
843.1
1855.97
1641.94
1709.8
1562.44
2337.7
1417.58
1540.15
882.88
1441.72
1202.49
1222.92
1883.14
1155.8
2176.0
2058.89
1267.65
1268.09
1699.71
896.16
2058.85
1046.75
1222.66
1851.06
1256.31
2128.44
1171.76
556.21
1691.94
1433.35
2394.56
1777.03
2040.78
1089.97
1953.3
1823.64
1825.78
1250.48
1403.29
2184.16
1230.47
2024.43
1314.45
2121.72
2678.12
2695.08
2143.17
1056.01
768.86
1611.26
1330.26
1514.31
1520.08
2386.8
1642.33
916.52
1433.85
1703.97
1535.3
1587.95
1230.63
1533.1
1632.28
1088.61
1209.67
960.62
1472.02
1097.57
1098.44
1641.31
1560.34
1635.72
1753.11
1039.37
1531.04
2039.81
846.94
1482.59
842.62
602.0
1064.08
935.98
1213.93
1017.69
2255.57
1655.21
1773.54
990.51
1836.01
1576.35
1621.84
1071.65
1509.45
2849.66
2087.84
1547.91
1718.16
640.12
2021.7
1356.7
1651.53
1016.89
2054.04
1781.6
1490.08
1382.54
1541.96
1107.99
2171.56
2588.04
2503.39
1223.54
1735.28
1951.76
1705.72
1484.32
730.05
2109.42
1296.58
2049.68
1229.18
1558.37
2118.07
1640.17
1159.79
2301.6
1608.59
1963.38
1042.94
1229.13
2345.87
1807.83
1886.56
2355.04
1433.17
1243.1
2333.95
1240.16
1527.17
1455.53
1425.41
1825.27
2098.96
1230.21
808.98
1943.39
1445.03
1729.21
494.88
1105.96
1247.12
1003.23
2187.04
958.45
1715.66
1810.05
2245.8
1420.42
2231.96
1938.58
1511.91
1511.34
2127.13
1410.74
2020.84
1942.8
1819.84
582.9
1550.98
1412.06
1068.42
1427.46
2133.82
1644.12
1089.75
1826.94
1196.67
1676.13
2045.88
898.4
2311.12
1207.38
2367.45
1078.79
1831.16
1397.1
2754.19
1107.51
1424.96
2219.49
2022.16
1450.65
762.07
1204.99
2280.26
1616.02
2156.64
1114.98
472.93
1869.45
1213.34
1087.55
1447.84
2333.51
1030.5
1218.59
1933.61
1646.66
761.99
1762.53
1208.48
1183.21
1795.14
1450.92
912.23
1462.69
1304.76
1670.06
1651.8
2479.61
1420.13
936.7
1075.28
1363.85
2053.95
1721.11
1378.99
1474.24
758.4
2113.0
1581.53
805.74
1166.22
2205.46
2123.2
2005.99
1488.67
1867.12
1103.74
1685.19
2343.67
748.45
2289.03
1648.41
1872.04
750.83
725.6
1327.75
1485.4
2536.35
1175.74
2672.6
1450.96
1160.92
1941.72
1111.1
1355.35
2591.05
1962.16
905.61
1019.96
892.14
926.94
1022.95
1198.85
1821.07
1491.48
1603.33
735.08
873.91
582.2
1890.58
1297.98
1935.2
1543.64
2560.38
2013.0
278.95
1559.48
920.6
977.23
1580.65
1578.4
1363.82
2056.72
2527.3
2045.71
863.22
459.9
1415.77
1714.47
1626.55
1509.2
1119.78
1952.07
423.26
608.84
1947.25
1722.63
800.51
597.36
936.6
1466.25
1523.3
1222.24
2150.98
459.4
1318.55
1015.47
1405.44
1791.25
2073.63
1755.15
1834.93
2098.77
1300.08
2256.39
1229.44
2055.69
1506.76
1386.83
1986.04
1154.92
1829.73
1873.9
1373.21
1564.92
1932.7
2279.25
1359.25
1639.04
1036.52
1199.14
1490.97
1676.5
1597.4
1364.64
1927.2
2653.72
2120.54
2450.82
505.11
1531.53
1229.67
2635.68
1393.7
1174.31
1421.99
929.41
2136.14
2350.28
2113.88
1670.79
1938.3
1476.17
2793.4
1777.71
642.1
1101.17
1275.69
1171.63
1430.15
1511.01
1265.0
1756.42
1595.66
2014.36
1444.88
728.87
1152.1
1731.51
915.53
1675.14
1721.85
1442.92
623.17
917.94
1232.28
1157.73
1710.23
1443.72
2011.82
1907.65
630.68
1854.17
1212.18
1715.33
1203.4
978.13
1774.44
1367.68
2228.04
2516.86
2342.94
1423.27
1142.04
1724.36
1818.83
1361.99
1637.28
1680.74
763.11
1639.71
1992.1
2122.6
1697.74
1069.67
1049.76
1247.76
857.64
2101.64
820.5
372.68
1095.43
708.01
1714.1
1348.37
1214.33
825.5
1355.12
1697.72
1207.72
963.36
1816.81
1564.95
1239.32
2135.85
2329.68
1400.44
1834.13
510.39
1435.44
1615.69
944.38
1240.26
1302.38
1192.56
2381.78
1493.0
1457.13
884.33
2384.17
983.21
2111.78
1650.06
1135.95
1416.12
1846.49
774.68
1284.28
537.15
1305.74
1591.3
2489.88
613.92
2190.34
713.14
1591.44
1439.55
1501.03
2325.47
1412.05
1512.71
2044.99
1205.22
1034.84
1219.58
2205.27
2115.05
1569.18
1816.12
2715.6
1971.48
972.42
1491.3
1753.44
1012.4
1486.65
1441.74
1483.82
1975.47
1586.33
1884.98
2021.96
1654.44
2182.98
2225.9
2146.45
1188.91
827.93
1466.17
2415.98
647.98
1971.82
1155.54
1447.69
1911.58
1873.5
2213.83
1637.18
1666.21
1738.34
1439.53
2098.0
1676.83
2638.22
636.27
1375.46
1333.3
1833.44
1539.62
1643.98
2245.99
1508.25
1011.8
1230.66
1749.08
1656.41
491.08
1862.25
1015.78
803.93
2152.35
1524.9
1482.39
681.75
2064.77
1717.01
2421.54
2400.84
1467.61
1649.08
1641.86
2440.67
1718.31
1469.0
1008.86
1257.23
1326.87
842.61
1972.35
1877.27
1293.02
2395.35
2022.29
1818.51
1704.45
1275.16
2458.64
1835.44
2548.81
761.75
1520.7
882.3
1516.4
1956.8
2022.17
1807.54
2211.44
1843.77
1254.4
1466.36
1618.37
1715.36
2152.84
1485.46
1114.93
747.47
1972.86
1802.4
1552.45
726.64
1245.2
1337.07
829.28
914.57
1052.6
505.88
1094.0
1088.38
1694.66
845.53
661.03
1088.68
2080.42
687.5
718.98
1981.35
1695.61
1909.33
2050.53
1749.89
1805.21
1539.93
1617.41
1599.76
1024.19
2141.59
1880.7
1220.63
807.47
1577.76
1514.83
1294.06
737.81
1525.48
1981.93
1576.43
1368.9
1491.04
1426.39
2257.74
2375.99
1231.53
1416.99
2335.64
799.23
1111.8
1249.21
1524.6
1074.08
954.25
2026.05
1725.95
2002.71
1632.64
1777.11
2066.76
1545.36
2429.52
1941.76
2117.1
1487.64
1064.94
2163.75
1309.38
1444.67
1687.72
1338.54
1675.84
1198.99
1533.9
738.34
1787.34
2139.55
808.18
745.81
1511.45
1567.66
1673.71
638.72
738.57
1804.65
1745.49
1941.49
1589.0
2715.04
2233.32
2188.39
1552.22
1349.28
1331.6
1283.67
1507.59
2047.23
669.28
1473.68
703.29
1891.0
2122.6
1196.96
1898.65
1098.05
1510.47
2229.01
613.81
1231.77
1112.36
1963.89
2023.27
1341.16
888.68
1378.88
1818.26
223.92
843.66
1785.18
1659.76
895.53
1642.71
1887.48
733.28
853.74
1609.67
2140.96
1613.56
1867.03
2648.44
1203.4
1925.37
1842.91
2063.1
1908.21
1543.38
1633.91
2353.38
945.06
1939.67
1052.02
1902.7
1548.82
969.71
1728.22
1853.82
1500.64
949.84
1386.6
2279.29
1391.88
1375.66
1220.88
1481.74
1472.1
2064.06
2002.33
633.62
286.1
879.84
1572.77
2224.83
2022.3
1684.24
1289.56
2517.08
2329.68
2182.34
704.14
2185.37
1752.98
1657.24
2185.29
2348.04
1129.89
2311.77
1251.1
1363.36
1269.42
1035.73
1488.69
1549.67
1794.51
1195.82
1868.14
360.8
2167.03
1378.01
1266.56
696.8
952.76
2254.12
1938.14
2364.41
1490.59
2548.19
1106.08
963.63
1985.42
1812.05
1129.06
656.73
903.22
1792.87
1997.38
1373.52
520.48
1686.41
691.27
896.23
2387.05
1591.18
1583.45
1038.94
1604.52
1867.28
2028.02
1134.99
1264.98
2356.65
1808.84
506.61
2601.61
1962.11
2055.32
2328.14
887.33
1242.44
696.25
1893.75
2141.35
1068.99
1555.98
2436.09
618.52
937.73
949.54
1884.57
1507.99
2039.62
1024.31
1749.72
1591.25
1690.08
2322.38
749.17
2121.26
1106.34
1692.68
1042.04
1981.92
1739.67
2178.58
2232.48
888.28
1654.05
1376.2
2351.12
1870.08
1582.62
1842.27
1099.4
761.24
1424.6
1117.89
1207.4
1295.47
2074.42
1412.64
1555.12
1299.98
1706.5
1175.04
1862.03
2099.34
1699.16
2207.56
1982.08
2101.15
1345.61
1571.07
1212.2
2385.16
1919.42
1273.55
1495.14
1768.94
1701.57
1733.03
1530.97
2089.49
1181.41
1315.79
1718.38
2191.99
867.13
1522.55
1031.04
2230.93
2076.05
587.98
1765.6
2645.68
2500.12
1234.12
1277.71
837.31
1068.69
2271.73
1687.79
1594.87
1197.79
860.39
1263.15
1876.5
1127.19
2123.78
1513.76
379.42
1282.93
1752.37
2252.27
1517.74
1759.62
2325.54
1023.19
1432.36
1789.25
1640.22
1137.3
1850.85
1152.94
1852.56
1585.32
1798.7
1744.61
1462.28
859.44
709.26
1644.53
873.72
1795.25
892.17
960.95
1504.31
1502.73
1486.09
1031.12
2313.94
923.29
2635.11
1089.98
863.53
1867.5
1278.78
1734.44
2536.66
1378.38
2535.46
2331.65
2050.95
1046.87
498.68
1114.57
1404.95
1984.88
732.07
2139.78
2370.62
1148.8
2062.38
846.95
573.46
1493.74
1137.37
190.54
935.26
1694.53
2007.94
2162.22
2507.17
1594.37
2047.83
1896.31
1265.3
1643.2
1853.0
916.02
1370.26
1483.79
2497.54
1761.76
2095.96
993.28
2025.01
1596.71
1198.31
1248.84
894.12
2640.46
1014.95
1931.12
2605.64
817.13
2175.21
180.99
2521.78
990.98
2261.65
1963.26
741.06
2207.87
2466.86
1482.8
1729.79
670.19
1427.68
1987.36
1360.18
1212.88
2447.2
895.34
2040.88
1668.58
1572.07
298.48
2385.89
496.6
321.52
1842.68
1288.06
2120.71
1525.06
1652.36
2329.95
1411.53
1437.68
1922.72
1444.29
1333.98
2161.61
814.4
1773.06
1071.7
1273.99
1736.3
1948.2
2020.26
931.55
1281.8
1278.89
2230.25
860.75
735.68
1085.38
1547.03
1253.81
1030.68
1813.73
1344.18
2111.33
1022.64
2104.93
894.8
2221.07
2250.47
1752.05
989.68
1444.54
1175.95
2329.4
1688.38
777.13
2061.3
1068.02
1288.89
650.23
1062.72
530.33
1999.68
2570.63
1930.56
1863.2
1425.72
629.82
1539.66
2181.3
1432.9
515.93
1479.68
1637.49
640.76
1076.58
851.36
1083.6
1128.63
2065.65
1158.3
543.11
908.07
2645.63
1526.16
2213.54
2624.57
1200.41
1404.96
2650.92
1031.55
1339.97
1308.34
1805.54
1448.26
1982.22
1100.31
2098.84
1938.86
1620.63
819.06
2499.73
1857.19
1606.9
2128.16
1326.35
1528.51
2125.42
1722.79
1044.02
1545.44
2081.19
1267.94
646.78
1495.45
993.68
1084.96
268.0
1361.21
2461.18
1997.74
1522.29
1584.08
1758.56
1895.31
1484.82
1099.64
1255.51
727.87
2141.75
1887.35
1337.84
1701.06
1039.17
2168.11
2179.07
1845.03
878.79
1381.61
1865.02
2653.12
1413.96
1117.65
1455.1
1004.72
1320.17
2602.26
1698.46
2041.16
1720.86
1302.42
2239.28
1182.78
2025.15
1530.88
1814.96
1058.84
1498.07
1494.84
1899.43
1435.43
1518.96
1656.3
1557.87
1144.0
971.95
2037.88
2145.26
1584.86
1149.49
1741.9
1342.63
1143.7
2055.5
729.61
2075.5
832.62
1504.92
649.99
1837.72
863.26
562.79
398.59
2323.98
1829.08
724.98
1301.13
2361.07
2099.12
1354.84
2474.96
1511.27
1975.6
1497.91
1321.48
2299.47
1438.0
731.77
2279.49
1604.59
1627.51
1779.54
2597.91
1735.54
1831.01
2089.33
1360.61
1486.77
1593.68
1224.77
1600.45
1215.08
2739.92
1781.36
1545.34
1869.12
1955.0
1322.0
2589.92
1421.44
1337.67
1358.23
1645.29
2123.5
724.9
1687.87
1108.83
2841.92
1973.62
1285.58
2006.82
2131.67
2189.63
1790.58
1377.71
1302.53
1972.53
458.05
2791.32
2466.71
2651.63
1828.55
1963.9
1588.2
1473.64
2476.53
297.54
1870.44
1424.62
884.68
2542.41
1995.6
1263.15
1721.88
1887.36
1802.17
1515.46
1711.69
1930.54
1685.31
1049.22
1831.61
1113.92
1227.22
742.56
843.29
604.2
1664.36
708.06
1404.04
969.5
1560.75
1947.69
2116.38
1924.68
2336.17
1448.99
1126.91
1888.92
2554.32
766.52
577.37
1481.39
1667.18
2171.73
1689.56
1984.32
716.32
561.92
2175.6
834.42
2047.47
1255.82
2690.12
1708.24
1653.68
1398.74
1677.41
1144.37
1905.63
2607.13
1292.22
1992.78
1434.92
1391.53
1850.05
1594.44
2664.43
1621.9
1828.07
1008.16
2408.16
951.71
945.55
1403.95
1131.0
1641.14
1298.76
1472.02
1779.16
2273.52
1757.55
1634.82
1502.87
1146.9
1496.49
641.28
1817.44
1616.96
2666.79
2432.06
573.23
699.63
1728.53
2511.98
800.88
2377.59
908.66
1419.11
1190.63
819.92
2307.95
1472.38
735.6
2105.06
1892.3
1287.52
1287.8
694.52
1622.91
1872.11
2568.64
1785.83
1635.0
1812.6
1569.51
2374.39
2211.98
1835.38
2230.64
389.62
1914.84
1436.35
2227.18
574.24
764.57
2268.34
2144.15
1838.21
1379.04
1526.48
2548.16
2271.41
1520.6
1844.87
1864.17
1061.56
1992.16
1669.47
1522.96
1573.04
989.65
965.87
1993.19
2302.45
1690.49
2244.38
2464.15
2661.2
1678.73
1601.69
889.37
1021.43
1318.76
924.8
1360.9
1514.74
2070.44
905.03
2058.32
1802.48
2043.49
1917.9
1310.67
1890.85
483.4
649.91
724.83
1413.86
1213.12
2074.58
1760.8
2145.74
1565.56
1772.12
1432.75
467.15
955.39
2043.09
1454.92
1776.36
734.5
854.06
1292.04
980.53
1426.78
1480.67
805.39
1449.99
1448.93
2147.2
954.98
1287.08
659.5
703.13
2037.87
1748.38
2075.53
1417.67
1997.16
1606.28
1891.3
2599.8
1239.04
2034.78
1670.39
1888.11
995.2
1360.28
1875.82
340.73
2346.31
2360.99
1455.35
1421.35
1354.21
1689.66
1081.89
1666.71
1565.88
1560.18
823.79
1815.2
1947.91
2155.6
710.45
1667.76
2231.58
685.5
1998.23
1961.55
1147.97
1176.54
2112.87
1899.53
989.68
2031.98
1323.09
841.83
1382.26
2221.98
1291.21
976.26
2658.04
1488.21
1064.14
2267.67
2101.98
1293.83
868.62
1728.53
896.79
892.44
1794.69
1162.47
434.58
1902.26
455.44
1632.46
1260.17
1554.07
1925.7
1959.27
1443.8
1425.41
492.64
1277.13
1483.2
2301.73
1335.65
1646.36
2104.09
1995.5
1282.16
1537.82
1498.28
1804.26
415.55
2459.05
1400.62
932.63
843.49
776.6
2473.55
1449.16
1191.19
2177.51
2315.7
1426.48
2110.03
1735.43
1175.9
1844.06
1423.78
2070.41
2007.58
1810.66
2334.85
1353.56
1539.26
1082.62
1438.33
1908.35
2190.2
1555.84
1141.95
2037.38
1225.73
1506.57
1614.96
1426.76
1564.15
935.91
1277.21
1067.67
2794.74
996.1
1981.52
1886.0
1658.37
2268.65
1214.85
1229.48
1384.53
1762.42
1599.93
992.24
1166.94
1476.92
1193.65
2247.94
1590.3
960.23
915.55
817.45
1471.28
2713.48
1556.46
868.14
2531.24
1544.97
2070.72
2786.33
2099.24
2025.41
1675.17
1682.58
875.02
579.94
1758.13
2218.77
1799.34
1485.88
2471.32
1609.79
2285.32
1598.26
1546.44
956.03
1736.03
1891.86
1558.12
1025.04
2050.32
1820.16
1429.47
2636.97
1306.58
2505.12
2395.04
904.34
1061.22
1525.74
1997.46
1981.32
1843.8
949.03
2392.5
1833.97
2250.15
1438.25
1565.22
2530.19
467.57
674.77
1397.39
1005.1
1829.0
1620.56
2333.12
785.71
1494.11
1822.24
925.1
2119.51
1891.1
1402.59
902.35
1844.14
1638.2
1551.78
1442.39
2477.08
1548.39
1375.04
1017.51
1246.1
1657.04
1894.09
1524.14
473.61
834.28
1325.26
1132.01
1502.8
1967.18
1635.6
2323.16
2291.67
2145.82
1662.38
1867.18
1444.35
2051.92
1852.8
1723.43
2473.57
2758.35
1945.76
2175.37
1408.19
1925.2
2119.96
1627.79
1016.47
2277.14
1833.86
1958.72
1124.69
1792.94
2600.92
1675.28
2210.07
1743.1
2380.7
1085.0
1726.2
690.5
937.47
1987.99
955.14
1227.19
2050.4
2103.44
2290.78
1748.87
1728.78
942.47
1618.19
2850.6
1969.5
1583.06
2339.74
1384.16
1484.83
1830.33
1411.71
1335.35
1698.86
1530.69
2440.22
2407.2
2173.91
1424.43
995.72
2665.66
1334.8
1887.01
1122.7
1811.0
848.15
1287.68
975.44
1410.76
1290.84
2018.18
928.13
1803.57
2070.34
1631.36
2605.33
2137.58
467.42
1079.78
750.72
1244.94
2173.18
1048.38
2167.77
2178.52
756.36
1159.26
2573.24
2387.0
1657.78
1798.24
587.88
856.48
1230.77
1630.58
1605.85
1543.46
1659.63
1621.81
1277.64
1893.42
849.78
1732.24
1907.11
2298.2
2050.7
2265.78
1399.9
1185.36
927.22
1771.1
758.08
1222.76
1304.84
2092.04
1021.87
2162.95
2315.98
1036.72
2034.3
861.59
1612.23
1596.03
1238.1
2254.48
1898.24
2001.87
1553.61
1447.51
1572.05
1180.84
1662.2
1558.36
2247.04
1824.53
1188.58
947.53
1694.33
1236.12
2160.5
936.25
933.53
1674.14
1420.79
1063.72
890.48
1453.68
1188.14
684.07
745.22
443.82
1144.24
2481.49
735.06
2024.42
2085.88
1952.15
1804.76
2108.92
2214.94
1113.87
1276.13
2229.5
1528.17
2111.7
1180.69
1832.55
1954.31
1210.58
1091.32
1079.14
2075.81
1453.27
1607.74
1446.36
2311.08
820.13
744.51
1347.82
1842.0
1305.79
1025.98
1092.2
1069.53
1365.25
819.75
1052.32
387.01
1451.23
1528.6
1220.97
2306.79
1025.64
2163.78
1420.58
2144.12
2302.85
1558.78
1418.49
2156.81
1590.71
2018.22
756.72
1582.42
947.93
2030.1
699.94
1332.85
1583.97
1699.79
2246.24
1374.09
1301.14
1824.04
1685.96
2912.65
1845.6
1457.36
2286.34
1570.24
781.31
2110.22
1539.92
2387.15
676.95
308.39
1242.83
992.29
1897.64
2227.49
1035.34
1254.59
2000.9
1345.13
1242.2
1664.8
1884.27
1840.38
2748.52
1231.98
1448.76
857.92
2413.61
1642.92
1517.68
922.31
2149.76
1310.67
1035.45
2532.16
1566.68
1122.9
1989.56
1901.1
1785.2
2646.5
1545.94
1647.97
1602.79
1356.77
1707.01
1712.54
1970.13
1254.99
1469.24
1532.92
2130.26
2242.59
2449.64
2427.68
784.82
1263.02
1553.01
1319.16
964.03
855.66
977.58
2213.48
1164.73
1297.25
2414.47
877.32
1424.85
1985.29
1673.11
578.43
892.26
2157.73
1886.76
542.17
756.74
2464.45
2050.36
1688.2
2220.54
1238.25
618.9
2198.63
1463.73
1617.52
2333.63
1339.08
2387.4
899.15
2136.11
1598.55
1833.68
1910.12
1357.58
1737.36
978.8
2204.23
2239.62
1354.73
1889.26
1720.77
1724.82
875.49
739.83
1267.93
1541.94
2341.54
1301.7
2318.33
1684.36
1242.1
1715.51
1706.58
1193.4
925.91
2299.08
2596.36
1163.23
1243.52
1269.46
1239.38
2664.64
694.79
2074.22
1715.29
2275.77
1401.69
2250.67
828.1
1724.43
1161.21
1485.62
1721.23
742.15
898.49
2040.66
1102.42
2443.5
1462.49
1940.22
1830.6
1461.47
1685.32
1304.06
2551.9
1647.24
1658.94
1547.22
873.0
2421.8
2031.77
1386.35
918.62
1111.58
2528.56
1371.37
1873.2
2438.62
1202.43
1319.18
2263.31
1767.46
1598.96
2028.12
1043.4
1869.33
1503.91
1486.7
1636.31
953.79
1024.35
1892.65
604.06
1902.28
1899.8
1574.0
1722.38
1388.07
2722.4
2118.63
1669.65
2030.08
410.36
986.28
1441.1
1639.67
1797.07
612.55
1264.5
1116.22
1658.54
2314.03
1375.98
2352.67
2130.83
1362.4
1756.4
2298.22
1634.86
1558.78
1246.77
1182.9
2685.34
1488.52
1494.1
1714.78
2051.38
1298.02
860.8
1634.57
2089.82
1195.7
1249.36
1727.95
2017.36
1483.97
1308.52
813.36
2141.06
2228.82
1829.72
1452.92
2627.78
1647.1
2368.04
706.27
1496.57
903.26
1257.77
1593.75
1397.64
1315.78
1276.27
840.49
2185.81
1087.0
1224.07
2011.75
1140.56
1537.55
1463.95
1093.3
1705.41
2046.18
1357.92
1556.22
1302.33
676.81
1578.23
650.43
2607.75
1586.61
972.8
1822.35
446.81
1706.26
1370.41
1125.94
1670.07
2402.12
1072.03
1092.98
1379.94
2304.72
2014.88
1516.35
1957.94
1092.34
2545.08
1916.87
1687.64
1815.36
1688.26
1032.44
1452.19
1132.4
1239.72
2756.76
2007.95
2267.54
1705.06
1585.21
988.29
1205.78
2293.52
1816.3
1894.12
535.62
1061.0
2065.73
1066.7
1831.74
1574.96
2135.14
298.02
2029.69
2753.01
2299.58
1000.56
1539.33
1741.05
2203.18
2380.6
2265.54
1686.75
1593.56
802.35
1631.36
1154.2
1309.14
1737.78
232.7
2049.6
820.95
849.51
1947.16
1172.28
2087.86
1609.69
2132.16
2368.16
1167.58
2281.49
1541.75
2224.56
1008.47
748.97
1921.83
2087.07
1835.72
786.37
2271.77
2315.07
816.3
1389.21
1023.37
1924.04
2538.58
1883.53
2374.58
2162.04
1468.18
575.91
849.69
1701.74
2623.93
1873.26
2050.86
890.63
1866.46
1423.3
2564.96
1121.82
1029.76
2161.19
2243.4
849.49
1970.56
1957.35
1629.85
1638.14
1049.65
1224.94
1350.63
2443.59
1025.9
1531.6
2518.59
1816.58
698.24
1647.81
1404.32
1645.56
1769.39
2540.17
1252.39
701.16
1926.91
1759.49
2072.6
1054.45
1470.5
1479.11
1368.63
1077.59
1354.11
2284.88
1803.8
940.34
1697.51
1457.2
1131.96
1315.73
2536.18
2096.87
1471.31
1787.05
1582.42
2317.06
1830.65
2277.14
2415.86
1733.1
2075.83
1613.63
1380.43
1780.98
2348.86
2610.44
1673.02
2014.38
1772.54
689.49
1828.2
823.82
1507.32
2182.41
1799.69
1256.38
592.71
1075.55
1807.44
1563.09
1779.12
2348.49
2184.58
1183.08
1897.14
621.58
1515.6
1474.44
1380.06
1597.67
1001.47
2021.07
1900.31
1630.94
779.81
1401.88
1151.97
1212.6
1929.28
2013.17
1305.23
1842.85
1887.13
1503.8
1281.76
1124.1
1477.42
1199.98
2182.98
772.68
1035.82
1751.0
728.88
2181.35
1569.66
1476.89
1119.94
2180.62
1335.58
2638.98
2426.56
904.99
2132.07
923.93
723.93
1777.95
1389.92
2150.13
2598.38
1553.49
1388.94
1979.87
370.41
2203.06
1140.42
1811.02
2029.64
1458.12
1444.56
2119.66
939.2
1860.16
1955.11
700.65
1514.82
777.7
983.8
1904.75
1475.8
1466.13
2165.6
1490.19
1160.5
2092.26
1758.53
1574.0
1819.22
1381.57
1383.51
757.29
1966.54
2280.34
997.1
827.28
1109.2
2027.39
2673.98
1305.35
2298.01
1832.14
1396.31
2320.1
991.08
2373.56
1380.07
1205.71
1297.85
1348.3
1731.56
995.35
1417.87
2357.68
1735.55
1619.72
1797.65
2348.12
1700.24
1472.08
1062.62
983.49
1137.56
1679.45
1271.9
2315.25
1559.21
1156.56
1140.46
799.44
2414.84
1490.06
998.48
1508.92
2734.63
2683.51
1058.62
1633.6
1826.33
879.61
401.7
1884.28
1150.2
1027.94
1419.91
1271.34
2007.08
2126.33
1271.42
2313.71
1866.56
1116.66
1023.6
1418.82
1122.34
1341.51
1903.41
923.98
872.54
781.98
1644.44
2458.52
2400.73
1694.97
2422.19
1052.12
1817.34
1789.23
927.02
1086.29
1828.8
844.88
1927.48
1756.43
2196.9
1407.73
1153.87
1243.02
1981.79
1206.46
1253.48
1417.16
1353.1
1072.76
1246.18
1196.96
1782.33
1515.63
1281.63
1606.84
2492.09
1494.56
2070.51
299.53
413.08
1802.67
1797.56
1185.85
2119.26
1160.22
1729.32
748.73
1860.03
1152.13
2559.88
971.89
1662.89
1244.38
733.01
2469.74
1096.91
751.58
1331.34
1754.36
1852.48
999.96
2105.62
1187.85
665.68
2301.12
2410.48
1426.26
1706.62
1308.18
2514.29
1041.58
2001.27
1567.34
1102.38
1453.32
1386.75
1593.16
1386.86
1206.0
1568.32
784.29
795.7
1333.39
1493.78
1845.04
2277.22
1758.68
912.68
1509.62
1248.35
1340.03
1650.93
800.54
1208.56
1962.02
1351.03
1470.78
2006.57
682.79
1357.53
2138.53
1339.01
1969.86
984.05
1063.62
2194.99
1647.5
1981.25
1869.4
2079.1
1012.12
254.56
2508.32
1933.33
1732.24
1227.57
1659.88
1755.51
2454.46
1648.2
2439.41
1585.78
1794.14
865.98
2295.28
1690.13
1267.86
1853.31
2493.78
1773.05
1452.85
2239.59
2233.49
775.25
1736.84
1056.58
794.46
915.82
1899.55
2364.4
1368.95
478.5
1635.92
827.24
1937.16
1982.23
1379.31
1604.06
1779.66
1512.28
979.29
2410.02
1812.22
1450.4
1047.16
1718.52
1753.4
1437.5
866.9
1170.04
1271.54
2267.82
948.98
1794.91
1452.78
2577.16
1657.0
1658.5
2470.52
1206.22
2260.1
1598.81
1528.04
1840.74
2045.01
1623.81
833.98
1824.43
1086.86
736.41
2415.2
1398.82
2233.44
1219.19
1540.68
1036.78
2534.75
1647.71
2671.95
1545.54
1847.31
2003.0
777.22
1589.56
839.5
1274.58
1413.16
1617.12
759.51
1901.78
1963.51
1685.1
1466.51
1470.69
1739.94
2478.02
2013.1
594.86
861.96
962.02
1679.66
1259.92
1548.74
1505.56
1253.14
312.88
1791.88
2012.57
1155.95
1581.29
1113.36
1994.0
1569.56
1686.98
646.34
2666.56
1592.68
1853.52
1802.99
1271.88
2182.34
1302.52
1667.07
2426.67
431.98
991.39
323.98
1878.04
1241.53
916.01
2370.74
1630.82
1337.99
1282.04
1357.84
2276.79
2293.76
375.38
2057.92
1319.72
2768.0
1017.31
2074.86
1801.14
2387.63
1708.78
1793.2
921.73
1540.9
835.27
1871.72
1773.22
1088.18
1263.94
1445.56
1341.91
2053.06
283.07
1799.74
1828.67
1666.72
1138.56
810.4
1598.78
1560.7
1448.64
1588.85
1280.96
1543.0
1255.29
1107.93
2117.79
1503.57
1356.32
1442.86
1176.85
1986.26
2227.84
1290.06
1134.67
570.21
1958.23
1246.27
751.9
1724.79
1363.05
2083.79
1866.17
975.66
1932.95
1077.21
2373.84
986.98
1695.74
1031.24
833.75
1821.18
1859.61
1492.79
2627.69
1355.38
973.15
1132.51
1954.54
553.29
1776.46
1284.41
1297.77
2319.11
2708.95
850.68
1133.88
1022.2
2029.73
1868.28
1092.07
1268.8
824.76
2209.32
1677.14
1653.3
1658.47
1493.97
2507.33
1631.76
1654.76
1075.1
1721.31
1665.28
1752.66
1041.2
1219.92
1589.13
1099.11
1976.3
1340.33
891.74
1429.21
1057.05
1351.32
1140.28
1760.7
2345.38
2107.2
960.26
2235.32
1330.36
1551.73
1276.49
1737.31
1633.9
1094.42
1876.51
1473.69
1741.76
797.82
1092.02
2039.6
2020.58
1875.43
1866.3
2460.7
1958.2
1680.55
1854.5
1457.0
1567.07
1960.1
1716.12
1597.0
1448.17
1695.52
1334.49
1089.98
1030.86
2215.43
971.8
2068.11
2099.56
2516.2
1543.9
1142.23
1396.46
2764.84
387.58
1250.81
1068.06
2027.65
1502.4
1284.08
1493.07
1259.75
818.5
1001.01
1666.94
2572.74
1606.6
2510.46
1711.69
1957.82
1990.18
1954.44
1160.74
1991.13
502.59
1335.35
1489.9
1371.79
1124.08
2018.51
1378.8
1402.58
1521.74
1793.34
1425.87
1638.31
1887.27
948.67
1566.43
2268.78
1938.23
786.88
875.12
1693.6
1131.59
1398.33
585.54
1020.47
1416.88
2040.74
1026.3
1125.42
819.92
2164.92
1238.25
1065.53
1046.45
2139.58
1349.48
1939.11
2167.16
1486.66
1031.2
705.47
1850.96
1419.14
974.78
1727.64
2642.2
1215.39
2614.2
1607.76
1670.17
1258.87
1202.27
1214.34
940.92
1572.03
1976.28
929.44
1264.93
2638.44
1409.27
1043.81
1947.61
1687.22
2577.92
1649.64
954.93
1323.98
1701.71
1298.5
1185.18
1557.28
795.49
536.12
2379.38
1765.04
1002.73
961.9
1477.28
1072.08
1760.38
1526.8
977.2
1541.77
2175.68
1763.29
1506.82
1825.04
1307.96
1144.64
1943.48
2341.95
2037.4
1682.18
1904.6
1534.85
2159.91
1674.47
1838.75
1328.32
1118.7
2185.22
1590.6
1201.22
1767.33
947.64
1542.89
1062.47
1309.23
1060.74
2334.91
1551.58
1439.04
1952.7
1398.5
1367.22
942.76
1305.88
1335.7
1318.96
1624.65
1020.1
1124.58
1522.5
691.21
1287.33
1520.27
1699.22
2172.06
1345.6
1743.57
912.44
2065.56
826.65
1321.4
892.1
1233.85
1886.23
1756.7
2187.66
1236.92
2098.6
825.67
947.26
2537.18
1427.13
1153.36
1403.18
1587.36
1045.92
2303.34
1917.17
901.24
1744.18
2688.4
2271.24
1722.13
1550.27
984.91
1624.89
954.76
1267.17
1466.74
1085.64
612.03
2385.28
1877.02
894.93
1182.12
1920.65
992.95
1888.39
2245.42
1177.93
738.15
1617.9
1485.12
954.8
726.37
708.15
1822.99
2112.76
1457.35
2075.26
939.37
2110.58
1616.74
1240.09
1799.95
2488.82
1662.86
1700.58
1671.41
1310.3
970.55
1559.7
1775.32
1923.36
2194.58
1134.85
1928.21
2097.64
1793.65
2575.36
2000.24
1644.26
1368.53
2456.92
2327.09
1069.73
1168.85
834.17
2203.11
1452.02
1784.6
2381.04
1854.32
1646.71
1373.74
1535.04
1407.5
1097.48
1210.24
1751.35
901.59
1892.23
1193.1
1892.84
1283.63
882.78
1032.8
1539.7
1775.62
1493.97
1881.64
1308.5
1947.55
1686.72
1478.83
1217.55
2223.68
1251.49
2545.14
1917.54
2087.54
672.28
700.96
2561.94
1532.19
1114.16
1720.51
1617.65
1907.64
2034.5
1433.24
1902.5
1784.56
1768.52
2422.33
1932.24
1862.9
1363.22
1418.25
1529.86
1050.21
1093.45
1530.36
1143.68
989.96
1398.43
1889.69
1025.42
2065.57
2262.34
520.72
772.6
1950.07
1174.66
1218.54
1689.92
1656.66
959.87
1140.43
2090.93
1073.65
1236.94
2072.08
1326.91
2090.04
1379.77
2062.89
1575.39
1256.64
1957.95
2321.02
2070.46
1228.82
674.4
1059.38
2111.25
987.94
1063.76
1976.71
996.34
2351.1
1701.56
1683.06
2547.69
1909.77
1591.62
1497.2
1850.43
1190.93
897.33
730.14
966.6
2084.83
2002.59
688.78
1732.9
1290.6
1866.67
1604.22
2370.52
2607.86
1954.88
1285.43
2499.31
1087.44
774.49
549.01
1790.75
1449.54
1020.35
1529.68
1479.41
2247.1
1977.32
2179.92
1255.63
1275.58
1442.64
1619.69
2109.42
2366.82
1066.61
1250.41
1607.35
1786.96
1648.03
1625.25
1511.93
2054.66
1557.61
1452.07
1666.47
506.16
1676.48
1882.5
1480.97
1185.03
957.08
1584.66
1998.29
1252.29
773.03
1682.36
1327.01
2117.29
1321.66
2024.81
994.6
1661.64
2496.49
2084.31
1468.42
2137.0
1326.34
1575.93
532.68
1127.58
2538.88
1151.76
1751.28
1235.4
1749.81
403.53
1742.95
1565.94
1160.44
2680.03
2411.48
390.72
1710.61
474.22
1745.69
1377.06
2079.16
1171.6
2278.29
2135.72
558.52
241.52
1198.32
1257.12
1500.59
1738.52
897.17
1659.08
1197.4
1987.86
1433.5
1300.08
901.38
872.98
1828.26
2000.11
881.14
1708.54
1526.01
1596.61
690.49
1121.59
1695.34
1615.13
1480.33
1323.65
1273.52
1690.17
709.74
1709.83
1766.04
1982.6
1803.5
1766.12
1415.17
953.41
2367.44
813.92
1463.56
1661.06
1657.71
1208.14
1101.12
1603.93
1372.09
1370.58
1374.59
2242.14
2529.9
2146.68
1095.96
2020.43
1046.4
1389.9
2357.37
1645.69
1750.24
843.5
1156.35
1522.71
1764.74
1328.91
1991.98
2103.1
947.97
1684.89
1819.27
2384.09
787.95
1339.14
1097.74
1220.21
2507.3
1368.05
2274.75
1358.18
1072.11
939.64
1726.58
1207.23
1791.4
698.64
972.41
1571.96
1208.66
1759.11
2281.83
1363.94
1610.28
999.6
846.75
1946.7
1373.48
969.49
1389.78
2374.3
1107.59
1525.74
1647.36
999.83
1361.28
1505.22
1622.44
1438.34
1736.41
505.82
735.54
1976.2
1156.0
1013.38
973.35
1748.99
923.43
1351.73
1958.97
964.68
1462.22
1388.84
1527.62
1546.0
1522.9
1802.44
1707.93
1844.99
1173.68
2703.26
1336.99
1643.62
2668.63
1296.47
1974.08
1428.25
1843.08
1209.14
1069.97
1512.59
1108.6
2329.88
2297.42
2201.07
2012.15
1851.47
1679.4
1965.38
1695.3
1671.42
1325.9
1168.66
1746.68
2824.37
2057.83
2192.94
1069.78
759.91
1224.28
1564.99
1942.02
2229.72
617.97
1366.65
590.06
1348.2
2121.86
1270.12
1791.71
1564.11
1252.61
1804.45
1419.17
1896.8
1347.35
1204.76
2627.29
1775.81
705.97
1116.65
1565.99
929.7
1927.17
1468.44
1499.91
1625.99
764.37
584.1
2526.47
1296.42
1869.41
2341.38
1910.55
1855.68
2183.36
1402.88
999.41
1585.05
1329.12
1699.58
684.6
2081.05
1992.08
1194.92
566.12
1333.84
1295.64
1557.42
1663.91
1887.55
1004.44
838.11
1028.16
993.15
2142.72
1416.68
766.41
2190.82
1769.51
2116.01
1194.54
790.62
681.44
1494.86
1935.38
2426.78
486.2
2232.03
1887.88
2151.9
1531.93
2099.25
1421.68
771.6
2121.71
1866.31
1714.48
1582.35
860.48
1402.56
1401.26
585.1
2283.65
1315.76
1182.66
1492.68
1562.72
1177.56
1589.62
2832.45
1927.86
683.48
1401.49
1202.07
1701.81
1543.65
1634.67
1708.33
1438.02
1666.53
2319.66
1673.07
1654.84
1660.49
2430.14
1294.88
1620.06
1725.09
1242.3
1051.0
1604.16
761.28
1558.37
946.64
1550.19
1316.97
1120.15
1352.52
900.25
1367.92
2459.44
1048.56
2388.97
1657.8
1560.01
1429.24
1601.86
2636.24
1460.94
1628.91
1092.8
1374.52
929.67
2017.49
1635.74
2305.12
1913.22
2004.2
860.17
1273.08
1843.9
2123.46
1059.86
1898.0
1423.16
886.42
2041.58
1823.73
2089.77
1603.98
1933.98
1416.59
2104.77
404.82
1172.79
1195.71
1235.16
1047.17
2207.6
1331.53
1307.53
1469.64
1798.52
965.16
145.26
942.22
1744.35
2173.33
2421.32
2262.82
1807.09
1856.96
844.61
1434.59
1082.52
1670.2
1701.46
1124.45
1289.82
1896.39
1619.6
784.39
1280.1
2025.74
1793.23
1806.96
2092.28
1798.6
2416.27
2107.59
1474.59
2320.79
1327.04
1304.96
543.33
1037.11
588.56
2203.27
1963.15
1916.94
1289.18
1789.78
988.52
1022.42
769.72
2039.62
2104.26
1496.94
2333.56
1637.98
1139.52
1761.9
1269.37
1754.78
890.42
1850.82
1095.27
1336.05
841.35
1985.24
2064.06
1614.12
1809.94
816.96
2206.16
1355.47
1085.5
1744.32
1295.93
1402.21
1780.15
1460.19
1028.58
1366.62
2564.56
1994.54
953.62
2034.0
1273.53
2049.98
932.32
2028.14
2003.15
666.88
1397.77
1438.8
293.54
1326.43
1687.03
1329.14
1864.52
1463.72
1306.6
1998.6
2264.43
893.25
1907.22
669.63
1688.63
1264.93
1650.08
2407.0
2145.68
1723.77
1479.3
1295.49
2459.7
1395.82
2109.34
1405.72
1631.06
1157.29
2055.77
460.92
782.12
1075.47
1121.23
2443.55
799.39
1534.3
2407.64
1403.32
1759.54
441.91
1135.85
1237.73
1027.9
861.04
916.76
1539.5
1731.82
2730.71
1643.93
2302.75
1141.86
1463.42
1925.13
1902.4
1625.75
2283.52
883.58
1297.1
1264.58
1039.34
2807.77
1696.0
1827.39
1305.37
1700.76
1247.3
1153.9
1175.01
2037.62
1609.95
1709.45
1328.72
2077.21
2434.97
1726.37
291.7
1749.92
2058.11
1511.0
848.77
1649.53
1271.39
1375.22
1003.89
2639.68
1522.57
1391.94
1719.87
2430.12
1850.75
1027.27
2020.58
1673.24
1220.9
361.21
1722.51
1837.57
1289.81
1493.1
2390.24
1035.34
634.45
724.86
2282.04
973.04
